432
1 21 1 0 1095 284 10 0 0 0
2 21 1 284 1095 284 10 0 0 0
3 21 1 568 1095 284 10 0 0 0
4 21 1 852 1095 284 10 0 0 0
5 21 1 1136 1095 284 10 0 0 0
6 21 1 1420 1095 284 10 0 0 0
7 21 1 1704 1095 284 10 0 0 0
8 21 1 1988 1095 284 10 0 0 0
9 114 1 1092 459 16 16 0 0 2
72 114 1 1490 400 10 32 0 0 2
73 114 1 1490 400 10 32 0 0 2
74 114 1 1490 432 10 32 0 0 2
75 114 1 1490 464 10 32 0 0 2
76 114 1 1490 496 10 32 0 0 2
77 114 1 1490 528 10 32 0 0 2
78 114 1 1490 560 10 32 0 0 2
79 114 1 1490 892 10 32 0 0 2
80 114 1 1490 624 10 32 0 0 2
81 114 1 1490 656 10 32 0 0 2
82 114 1 1490 688 10 32 0 0 2
83 114 1 1490 720 10 32 0 0 2
84 114 1 1490 752 10 32 0 0 2
85 114 1 1490 784 10 32 0 0 2
86 114 1 1490 816 10 32 0 0 2
87 114 1 1490 848 10 32 0 0 2
88 114 1 1490 880 10 32 0 0 2
89 114 1 1490 912 10 32 0 0 2
90 114 1 1490 944 10 32 0 0 2
91 114 1 1490 976 10 32 0 0 2
92 114 1 1490 1008 10 32 0 0 2
93 114 1 1490 1040 10 32 0 0 2
94 21 1 1420 917 68 10 0 0 0
95 21 1 1430 855 58 10 0 0 0
96 21 1 1348 807 72 10 0 0 0
97 21 1 1268 745 124 10 0 0 0
98 21 1 258 855 26 10 0 0 0
99 21 1 284 855 68 10 0 0 0
100 21 1 263 272 21 10 0 0 0
101 21 1 284 272 82 10 0 0 0
102 21 1 366 221 95 10 0 0 0
103 21 1 317 366 115 10 0 0 0
104 21 1 623 414 78 10 0 0 0
105 21 1 935 272 182 10 0 0 0
106 21 1 950 447 154 10 0 0 0
107 21 1 878 509 80 10 0 0 0
108 21 1 1396 602 90 10 0 0 0
109 21 1 1308 256 84 10 0 0 0
110 21 1 1389 209 144 10 0 0 0
111 21 1 1573 965 131 10 0 0 0
112 21 1 1704 965 114 10 0 0 0
113 21 1 1667 760 37 10 0 0 0
114 21 1 1704 760 113 10 0 0 0
115 21 1 1574 714 100 10 0 0 0
116 21 1 1572 602 55 10 0 0 0
117 21 1 1622 525 82 10 0 0 0
118 21 1 1704 525 70 10 0 0 0
119 21 1 1880 240 108 10 0 0 0
120 21 1 1988 240 112 10 0 0 0
121 21 1 2040 445 227 10 0 0 0
122 21 1 2150 697 118 10 0 0 0
123 21 1 2182 807 86 10 0 0 0
124 21 1 2 698 136 6 0 0 0
125 21 1 144 745 94 6 0 0 0
126 21 1 2 288 96 6 0 0 0
127 21 1 2 492 96 6 0 0 0
128 21 1 132 233 134 6 0 0 0
129 21 1 144 352 94 6 0 0 0
130 21 1 132 547 130 6 0 0 0
131 21 1 467 288 86 6 0 0 0
132 21 1 600 312 46 6 0 0 0
133 21 1 468 454 100 6 0 0 0
134 21 1 568 454 53 6 0 0 0
135 21 1 550 580 18 6 0 0 0
136 21 1 568 580 284 6 0 0 0
137 21 1 852 580 41 6 0 0 0
138 21 1 454 698 114 6 0 0 0
139 21 1 568 698 215 6 0 0 0
140 21 1 434 809 134 6 0 0 0
141 21 1 568 809 40 6 0 0 0
142 21 1 500 902 68 6 0 0 0
143 21 1 568 902 142 6 0 0 0
17 21 1 710 902 142 6 0 0 0
144 21 1 852 902 57 6 0 0 0
145 21 1 712 368 55 6 0 0 0
146 21 1 775 335 77 6 0 0 0
147 21 1 855 312 70 6 0 0 0
148 21 1 787 218 65 6 0 0 0
149 21 1 852 218 55 6 0 0 0
150 21 1 787 730 65 6 0 0 0
151 21 1 852 730 10 6 0 0 0
152 21 1 865 698 75 6 0 0 0
153 21 1 945 666 55 6 0 0 0
154 21 1 1110 477 26 6 0 0 0
155 21 1 1136 477 89 6 0 0 0
156 21 1 1140 682 132 6 0 0 0
157 21 1 1054 760 60 10 0 0 0
158 21 1 910 823 206 10 0 0 0
159 21 1 1140 902 84 6 0 0 0
160 21 1 1140 320 116 6 0 0 0
161 21 1 1107 209 29 6 0 0 0
162 21 1 1136 209 120 6 0 0 0
163 21 1 1270 367 150 6 0 0 0
164 21 1 1420 367 98 6 0 0 0
165 21 1 1540 367 164 6 0 0 0
166 21 1 1704 367 8 6 0 0 0
167 21 1 1510 288 40 6 0 0 0
168 21 1 1800 367 147 6 0 0 0
169 21 1 1800 603 147 6 0 0 0
170 21 1 1845 840 74 6 0 0 0
171 21 1 1794 1012 166 6 0 0 0
10 21 1 354 886 125 10 0 0 0
172 114 1 127 709 16 32 0 0 2
173 114 1 240 568 16 280 0 0 2
174 114 1 240 243 16 105 0 0 2
175 114 1 448 244 16 205 0 0 2
176 114 1 434 465 16 232 0 0 2
177 114 1 482 823 16 76 0 0 2
178 114 1 624 430 16 20 0 0 2
179 114 1 705 378 16 30 0 0 2
180 114 1 769 345 16 20 0 0 2
181 114 1 856 318 16 16 0 0 2
182 114 1 770 35 16 178 0 0 2
183 114 1 928 287 16 20 0 0 2
184 114 1 768 710 16 20 0 0 2
185 114 1 864 710 16 20 0 0 2
186 114 1 944 678 16 20 0 0 2
187 114 1 896 526 16 60 0 0 2
188 114 1 960 464 16 40 0 0 2
189 114 1 912 842 16 55 0 0 2
190 114 1 1122 490 16 410 0 0 2
191 114 1 1120 220 16 95 0 0 2
192 114 1 1250 330 16 32 0 0 2
193 114 1 1392 230 16 20 0 0 2
194 114 1 1538 0 16 210 0 0 2
195 114 1 1520 300 16 64 0 0 2
196 114 1 1252 700 16 40 0 0 2
197 114 1 1330 765 16 40 0 0 2
198 114 1 1490 400 16 690 0 0 2
199 114 1 1552 400 16 690 0 0 2
200 114 1 1714 124 16 235 0 0 2
201 114 1 1777 0 16 600 0 0 2
202 114 1 1647 730 16 28 0 0 2
203 114 1 1922 615 16 220 0 0 2
11 114 1 337 869 16 16 0 0 2
204 21 1 2100 588 170 6 0 0 0
205 21 1 2090 209 177 6 0 0 0
206 21 1 1704 114 36 6 0 0 0
207 10 1 1308 995 0 0 1177 1353 2
208 10 1 696 805 0 0 563 788 2
209 10 1 2040 995 0 0 1937 2148 2
210 10 1 0 604 0 0 0 20 2
211 10 1 133 440 0 0 133 134 2
212 10 1 922 174 0 0 916 977 2
213 10 1 1120 110 0 0 1090 1145 2
214 10 1 1315 260 0 0 1260 1380 2
215 10 1 2078 495 0 0 2078 2150 2
216 10 1 1907 140 0 0 1842 1953 2
217 11 1 1559 879 0 0 1538 1666 2
218 11 1 2110 720 0 0 0 0 2
219 12 1 1090 810 120 120 0 0 2
220 12 1 563 815 120 120 0 0 2
221 12 1 887 736 120 120 0 0 2
223 12 1 918 575 120 120 0 0 2
225 12 1 1307 652 120 120 0 0 2
226 12 1 1147 227 120 120 0 0 2
227 12 1 1594 430 120 120 0 0 2
228 12 1 1786 514 120 120 0 0 2
229 13 1 320 904 80 80 362 936 2
230 13 1 735 904 80 80 777 936 2
231 13 1 1406 888 80 80 1448 919 2
232 13 1 210 342 80 80 253 376 2
233 13 1 1744 556 80 80 1786 587 2
234 13 1 65 73 80 80 107 105 2
235 13 1 735 191 80 80 779 221 2
236 35 1 41 1003 40 40 0 0 0
237 35 1 75 1018 40 40 0 0 0
238 35 1 10 1017 40 40 0 0 0
239 35 1 42 1034 40 40 0 0 0
240 35 1 378 1002 40 40 0 0 0
241 35 1 411 1016 40 40 0 0 0
241 35 1 379 1034 40 40 0 0 0
242 35 1 346 1017 40 40 0 0 0
243 35 1 874 857 40 40 0 0 0
244 35 1 792 825 40 40 0 0 0
245 35 1 759 808 40 40 0 0 0
246 35 1 729 826 40 40 0 0 0
247 35 1 506 859 40 40 0 0 0
248 35 1 170 715 40 40 0 0 0
249 35 1 188 699 40 40 0 0 0
250 35 1 156 699 40 40 0 0 0
251 35 1 168 680 40 40 0 0 0
252 35 1 299 587 40 40 0 0 0
253 35 1 345 536 40 40 0 0 0
254 35 1 459 523 40 40 0 0 0
255 35 1 779 664 40 40 0 0 0
256 35 1 810 648 40 40 0 0 0
257 35 1 839 666 40 40 0 0 0
258 35 1 1050 730 40 40 0 0 0
259 35 1 1066 793 40 40 0 0 0
260 35 1 1084 728 40 40 0 0 0
261 35 1 1068 715 40 40 0 0 0
262 35 1 1321 888 40 40 0 0 0
263 35 1 1786 1033 40 40 0 0 0
264 35 1 1594 1034 40 40 0 0 0
265 35 1 1611 1049 40 40 0 0 0
266 35 1 1577 1048 40 40 0 0 0
267 35 1 1593 1065 40 40 0 0 0
268 35 1 2202 1051 40 40 0 0 0
269 35 1 2219 1033 40 40 0 0 0
270 35 1 2234 1049 40 40 0 0 0
271 35 1 1164 633 40 40 0 0 0
272 35 1 1947 826 40 40 0 0 0
273 35 1 1947 779 40 40 0 0 0
274 35 1 2234 763 40 40 0 0 0
275 35 1 2253 777 40 40 0 0 0
276 35 1 2218 777 40 40 0 0 0
277 35 1 2235 795 40 40 0 0 0
278 35 1 1612 667 40 40 0 0 0
279 35 1 1593 650 40 40 0 0 0
280 35 1 1594 683 40 40 0 0 0
281 35 1 1578 666 40 40 0 0 0
282 35 1 1577 569 40 40 0 0 0
283 35 1 2171 522 40 40 0 0 0
284 35 1 2204 504 40 40 0 0 0
285 35 1 2235 520 40 40 0 0 0
286 35 1 11 441 40 40 0 0 0
287 35 1 40 424 40 40 0 0 0
288 35 1 74 442 40 40 0 0 0
289 35 1 10 217 40 40 0 0 0
290 35 1 26 236 40 40 0 0 0
291 35 1 41 219 40 40 0 0 0
292 35 1 25 201 40 40 0 0 0
293 35 1 168 168 40 40 0 0 0
294 35 1 186 185 40 40 0 0 0
295 35 1 202 171 40 40 0 0 0
296 35 1 187 155 40 40 0 0 0
297 35 1 763 473 40 40 0 0 0
298 35 1 792 442 40 40 0 0 0
299 35 1 970 376 40 40 0 0 0
300 35 1 1001 359 40 40 0 0 0
301 35 1 1035 376 40 40 0 0 0
302 35 1 1306 441 40 40 0 0 0
303 35 1 1372 489 40 40 0 0 0
304 35 1 425 106 40 40 0 0 0
305 35 1 441 55 40 40 0 0 0
306 35 1 473 24 40 40 0 0 0
307 35 1 520 25 40 40 0 0 0
308 35 1 570 199 40 40 0 0 0
309 35 1 619 154 40 40 0 0 0
310 35 1 666 122 40 40 0 0 0
311 35 1 617 74 40 40 0 0 0
312 35 1 795 170 40 40 0 0 0
313 35 1 827 153 40 40 0 0 0
314 35 1 860 169 40 40 0 0 0
315 35 1 908 136 40 40 0 0 0
316 35 1 936 120 40 40 0 0 0
317 35 1 969 153 40 40 0 0 0
318 35 1 1434 152 40 40 0 0 0
319 35 1 1466 137 40 40 0 0 0
320 35 1 1498 152 40 40 0 0 0
321 35 1 1659 42 40 40 0 0 0
322 35 1 1723 39 40 40 0 0 0
323 35 1 1739 106 40 40 0 0 0
324 35 1 1739 150 40 40 0 0 0
325 35 1 1739 250 40 40 0 0 0
326 35 1 1738 343 40 40 0 0 0
327 35 1 2125 168 40 40 0 0 0
328 35 1 1370 299 40 40 0 0 0
329 35 1 1337 313 40 40 0 0 0
330 35 1 1402 312 40 40 0 0 0
331 35 1 1721 472 40 40 0 0 0
332 35 1 1739 487 40 40 0 0 0
333 35 1 1705 488 40 40 0 0 0
334 38 1 1298 1018 50 50 0 0 1
335 38 1 1320 935 50 50 0 0 1
336 38 1 1299 650 50 50 0 0 1
337 38 1 1299 491 50 50 0 0 1
338 38 1 658 841 50 50 0 0 1
339 38 1 307 730 50 50 0 0 1
340 38 1 291 635 50 50 0 0 1
341 38 1 570 253 50 50 0 0 1
342 38 1 658 174 50 50 0 0 1
343 38 1 547 94 50 50 0 0 1
344 38 1 1443 316 50 50 0 0 1
345 38 1 1635 269 50 50 0 0 1
346 38 1 1635 174 50 50 0 0 1
347 38 1 1650 94 50 50 0 0 1
348 38 1 1635 872 50 50 0 0 1
349 38 1 1987 1015 50 50 0 0 1
350 38 1 2115 934 50 50 0 0 1
351 38 1 2115 856 50 50 0 0 1
352 38 1 1987 760 50 50 0 0 1
353 38 1 1987 540 50 50 0 0 1
354 38 1 1972 365 50 50 0 0 1
355 38 1 1250 967 50 50 0 0 -1
356 38 1 1219 856 50 50 0 0 -1
357 38 1 1362 538 50 50 0 0 -1
358 38 1 354 778 50 50 0 0 -1
359 38 1 354 682 50 50 0 0 -1
360 38 1 610 205 50 50 0 0 -1
361 38 1 610 126 50 50 0 0 -1
362 38 1 1588 316 50 50 0 0 -1
363 38 1 1588 222 50 50 0 0 -1
364 38 1 1588 127 50 50 0 0 -1
365 38 1 1668 920 50 50 0 0 -1
366 38 1 2051 967 50 50 0 0 -1
367 38 1 2068 889 50 50 0 0 -1
368 38 1 2051 809 50 50 0 0 -1
369 38 1 2051 714 50 50 0 0 -1
370 38 1 1956 493 50 50 0 0 -1
371 38 1 1829 301 50 50 0 0 -1
372 39 1 725 1030 70 50 0 0 1
373 39 1 725 1062 70 50 0 0 1
374 39 1 772 1030 70 50 0 0 -1
375 39 1 772 1062 70 50 0 0 -1
376 39 1 1716 935 70 50 0 0 1
377 39 1 1716 901 70 50 0 0 1
378 39 1 1716 869 70 50 0 0 1
379 39 1 1716 839 70 50 0 0 1
380 39 1 1716 807 70 50 0 0 1
381 39 1 1012 661 70 50 0 0 1
382 39 1 1059 660 70 50 0 0 1
383 39 1 1333 599 70 50 0 0 1
384 39 1 1332 567 70 50 0 0 1
385 39 1 119 648 70 50 0 0 1
386 39 1 1975 295 70 50 0 0 1
387 39 1 1507 247 70 50 0 0 1
388 40 1 947 997 80 80 0 0 -1
389 40 1 1010 997 80 80 0 0 1
390 40 1 1075 997 80 80 0 0 -1
391 40 1 547 484 80 80 0 0 1
392 40 1 659 484 80 80 0 0 -1
393 40 1 547 597 80 80 0 0 1
394 40 1 659 597 80 80 0 0 -1
395 41 1 871 259 0 0 0 0 0
396 41 1 1333 214 0 0 0 0 0
397 41 1 1590 262 0 0 0 0 0
398 41 1 1638 212 0 0 0 0 0
399 41 1 1686 4 0 0 0 0 0
400 41 1 1732 70 0 0 0 0 0
401 41 1 2118 369 0 0 0 0 0
402 41 1 2136 391 0 0 0 0 0
403 41 1 2120 407 0 0 0 0 0
404 41 1 2101 388 0 0 0 0 0
405 42 1 0 287 80 80 0 0 0
406 42 1 1142 701 80 80 0 0 0
407 42 1 1128 241 80 80 0 0 0
408 42 1 247 780 80 80 0 0 0
409 42 1 1544 6 80 80 0 0 0
416 44 1 175 782 39 335 0 0 1
417 45 1 496 941 34 158 0 0 2
418 46 1 816 365 34 732 0 0 3
419 47 1 1169 909 33 189 0 0 4
420 112 1 84 300 6 130 305 420 0
421 112 1 84 506 6 130 510 630 0
422 112 1 277 293 6 267 298 555 0
423 112 1 469 465 6 182 470 610 0
424 112 1 1045 463 6 154 468 627 0
425 112 1 1653 542 6 125 547 662 0 
426 112 1 1798 780 6 114 770 892 0
427 112 1 1926 377 6 162 372 534 0
428 112 1 2070 260 6 123 265 398 0
429 112 1 2054 463 6 213 460 670 0
11 51  1 1159 426 50 50 0 0 0
12 51  1 466 763 50 50 0 0 0
13 51  1 1654 313 50 50 0 0 0
14 51  1 1897 312 50 50 0 0 0
15 51  1 725 313 50 50 0 0 0
