42
1 21 1 0 367 32 10 0 0 0
2 21 1 32 367 32 10 0 0 0
3 21 1 64 367 32 10 0 0 0
4 21 1 96 367 32 10 0 0 0
5 21 1 128 367 32 10 0 0 0
6 21 1 160 367 32 10 0 0 0
7 21 1 192 367 32 10 0 0 0
8 21 1 224 367 32 10 0 0 0
9 21 1 256 367 32 10 0 0 0
10 21 1 288 367 32 10 0 0 0
11 21 1 320 367 32 10 0 0 0
12 21 1 352 367 32 10 0 0 0
13 21 1 384 367 32 10 0 0 0
14 21 1 416 367 32 10 0 0 0
15 21 1 448 367 32 10 0 0 0
16 21 1 480 367 32 10 0 0 0
17 21 1 512 367 32 10 0 0 0
18 21 1 544 367 32 10 0 0 0
19 21 1 576 367 32 10 0 0 0
20 21 1 608 367 32 10 0 0 0
21 21 1 640 367 32 10 0 0 0
22 21 1 672 367 32 10 0 0 0
23 21 1 704 367 32 10 0 0 0
24 21 1 736 367 32 10 0 0 0
25 21 1 768 367 32 10 0 0 0
26 21 1 800 367 32 10 0 0 0
27 200 1 330 245 0 0 0 0 2
38 21 1 56 300 85 10 0 0 0
39 21 1 270 300 15 10 0 0 0
40 21 1 285 300 70 10 0 0 0
41 21 1 480 300 85 10 0 0 0
42 21 1 690 300 85 10 0 0 0